12 7 3
0.1166 0.4375 0.758 0.474 0.247 0.800 0.3646 
0.01 0.170 0.100
0.1200 0.4813 0.800 0.500 0.266 0.803 0.3653 
0.02 0.175 0.110
0.0857 0.4375 0.632 0.395 0.250 0.663 0.3687 
0.03 0.125 0.100
0.0891 0.4594 0.660 0.412 0.240 0.679 0.3971 
0.04 0.130 0.105
0.0926 0.5469 0.730 0.456 0.270 0.694 0.3986 
0.05 0.135 0.125
0.0926 0.5250 0.716 0.447 0.260 0.698 0.3988 
0.06 0.135 0.120
0.0960 0.5469 0.744 0.465 0.250 0.702 0.4003 
0.07 0.140 0.125
0.0789 0.5688 0.688 0.429 0.250 0.574 0.4077 
0.08 0.115 0.130
0.0754 0.5906 0.688 0.429 0.240 0.500 0.4143 
0.09 0.110 0.135
0.0686 0.6563 0.702 0.438 0.240 0.500 0.4637 
0.10 0.100 0.150
0.0857 0.7000 0.800 0.500 0.256 0.669 0.4662 
0.11 0.125 0.160
0.0720 0.6781 0.730 0.456 0.250 0.553 0.4665 
0.12 0.105 0.155


